{
  "branch": "experiment/tda-attractor-hypothesis",
  "reference_attractors": {
    "aizawa": {
      "H1_count": 316,
      "H1_entropy": 5.0956,
      "corr_dim": "N/A (3D native)"
    },
    "lorenz": {
      "H1_count": 270,
      "H1_entropy": 4.8554,
      "corr_dim": "N/A (3D native)"
    },
    "rossler": {
      "H1_count": 142,
      "H1_entropy": 4.0697,
      "corr_dim": "N/A (3D native)"
    },
    "thomas": {
      "H1_count": 182,
      "H1_entropy": 3.36,
      "corr_dim": "N/A (3D native)"
    },
    "halvorsen": {
      "H1_count": 17,
      "H1_entropy": 1.5332,
      "corr_dim": "N/A (3D native)"
    }
  },
  "wasserstein_to_references": {
    "1": {
      "aizawa": 60.8673,
      "lorenz": 122.2469,
      "rossler": 68.3863,
      "thomas": 58.535,
      "halvorsen": 60.1926
    },
    "2": {
      "aizawa": 54.9671,
      "lorenz": 112.1067,
      "rossler": 61.4637,
      "thomas": 52.4688,
      "halvorsen": 52.663
    },
    "3": {
      "aizawa": 61.8036,
      "lorenz": 115.0413,
      "rossler": 66.9199,
      "thomas": 59.4325,
      "halvorsen": 58.6171
    },
    "4": {
      "aizawa": 55.4488,
      "lorenz": 113.8235,
      "rossler": 61.8968,
      "thomas": 52.5607,
      "halvorsen": 53.3157
    },
    "5": {
      "aizawa": 41.8973,
      "lorenz": 97.8129,
      "rossler": 47.8979,
      "thomas": 38.9002,
      "halvorsen": 38.9331
    }
  },
  "nearest_attractor_by_level": {
    "1": "thomas",
    "2": "thomas",
    "3": "halvorsen",
    "4": "thomas",
    "5": "thomas"
  },
  "pi_correlation_matrix": [
    [
      1.0,
      -0.0018,
      -0.0007,
      -0.0014,
      -0.0018,
      -0.0008,
      0.0286,
      0.0057,
      -0.0008,
      -0.001
    ],
    [
      -0.0018,
      1.0,
      0.0358,
      -0.0016,
      0.0003,
      -0.0012,
      -0.0013,
      -0.0013,
      -0.0011,
      0.0167
    ],
    [
      -0.0007,
      0.0358,
      1.0,
      0.0006,
      -0.0017,
      -0.0007,
      0.0059,
      0.0424,
      -0.0006,
      -0.0008
    ],
    [
      -0.0014,
      -0.0016,
      0.0006,
      1.0,
      -0.0019,
      0.0001,
      -0.0008,
      -0.001,
      0.0001,
      0.0
    ],
    [
      -0.0018,
      0.0003,
      -0.0017,
      -0.0019,
      1.0,
      0.0022,
      0.0084,
      -0.0009,
      0.0024,
      -0.0014
    ],
    [
      -0.0008,
      -0.0012,
      -0.0007,
      0.0001,
      0.0022,
      1.0,
      -0.0007,
      0.005,
      0.9934,
      -0.0007
    ],
    [
      0.0286,
      -0.0013,
      0.0059,
      -0.0008,
      0.0084,
      -0.0007,
      1.0,
      0.1132,
      -0.0006,
      -0.0007
    ],
    [
      0.0057,
      -0.0013,
      0.0424,
      -0.001,
      -0.0009,
      0.005,
      0.1132,
      1.0,
      0.0051,
      -0.0007
    ],
    [
      -0.0008,
      -0.0011,
      -0.0006,
      0.0001,
      0.0024,
      0.9934,
      -0.0006,
      0.0051,
      1.0,
      -0.0006
    ],
    [
      -0.001,
      0.0167,
      -0.0008,
      0.0,
      -0.0014,
      -0.0007,
      -0.0007,
      -0.0007,
      -0.0006,
      1.0
    ]
  ],
  "lyapunov_exponents": {
    "1": 0.1932,
    "2": 0.1823,
    "3": 0.1857,
    "4": 0.1806,
    "5": 0.1812
  },
  "lyapunov_positive_levels": [
    1,
    2,
    3,
    4,
    5
  ],
  "recurrence_det_by_level": {
    "1": 0.9899,
    "2": 0.9884,
    "3": 0.9883,
    "4": 0.9887,
    "5": 0.9887
  },
  "recurrence_lam_by_level": {
    "1": 0.9653,
    "2": 0.9652,
    "3": 0.9663,
    "4": 0.9658,
    "5": 0.9667
  },
  "correlation_dimension_by_level": {
    "1": 0.992,
    "2": 1.009,
    "3": 1.032,
    "4": 1.028,
    "5": 1.008
  },
  "aizawa_fit_params": {
    "a": 1.0,
    "b": 0.475,
    "c": 0.825
  },
  "aizawa_fit_distance": 52.0,
  "visual_resemblance": "Level 1 nearest to thomas; Level 2 nearest to thomas; Level 3 nearest to halvorsen; Level 4 nearest to thomas; Level 5 nearest to thomas",
  "overall_verdict": "attractor_partial",
  "evidence_summary": {
    "positive_lyapunov_levels": 5,
    "avg_correlation_dimension": 1.014,
    "avg_determinism": 0.989,
    "min_wasserstein_to_any_attractor": 38.9002
  }
}